prep,pass,vis,call
19.185440063476562,6090.43896484375,31.485151290893555,6209.2861328125
5.7026238441467285,206.7810821533203,19.543615341186523,317.05487060546875
4.795839786529541,203.30844116210938,10.331456184387207,360.04327392578125
3.763040065765381,202.37948608398438,10.378687858581543,324.8741455078125
4.475967884063721,204.80674743652344,10.770079612731934,378.79510498046875
5.036672115325928,219.20755004882812,11.212160110473633,323.9057312011719
4.271423816680908,214.08204650878906,10.65721607208252,319.9932556152344
4.422111988067627,212.3759002685547,8.888768196105957,360.664306640625
3.94051194190979,209.9410858154297,9.571423530578613,333.1751403808594
4.36572790145874,211.52432250976562,11.482463836669922,307.4819030761719
6.419648170471191,201.49754333496094,12.241408348083496,303.6759033203125
6.8264641761779785,197.1373748779297,9.531071662902832,305.946533203125
4.9508161544799805,207.13343811035156,8.656607627868652,298.4518127441406
4.695968151092529,199.17596435546875,9.667424201965332,283.3684997558594
4.6635518074035645,200.5561981201172,11.053567886352539,292.50128173828125
4.174047946929932,196.32473754882812,10.837984085083008,308.1703796386719
4.815936088562012,196.92755126953125,9.915167808532715,308.72357177734375
3.838912010192871,196.92982482910156,9.556351661682129,294.0845642089844
4.189119815826416,196.13034057617188,9.383808135986328,284.36138916015625
4.221407890319824,196.21807861328125,9.4749116897583,282.2362060546875
4.5867838859558105,196.36691284179688,9.649344444274902,289.24652099609375
3.9746880531311035,195.70559692382812,9.988479614257812,295.78466796875
4.747168064117432,196.5355224609375,9.248736381530762,280.0853576660156
6.10265588760376,196.1102752685547,9.575743675231934,293.78387451171875
4.853280067443848,199.75059509277344,10.596511840820312,355.0512390136719
4.380127906799316,195.8810272216797,9.133888244628906,284.7078552246094
4.637663841247559,196.5404510498047,8.9618558883667,272.81500244140625
6.7038397789001465,205.29994201660156,10.474207878112793,304.8565673828125
4.27785587310791,195.40774536132812,10.23840045928955,301.05029296875
4.910751819610596,196.3308868408203,9.006303787231445,323.905029296875
3.839263916015625,202.87855529785156,10.164608001708984,314.1719665527344
4.0149760246276855,196.4352264404297,8.413536071777344,263.3481750488281
3.8329920768737793,196.21653747558594,12.367072105407715,303.2764587402344
4.065695762634277,195.51341247558594,9.919327735900879,269.2366638183594
5.049983978271484,195.8278350830078,11.208224296569824,304.2748107910156
4.867231845855713,196.34579467773438,8.897088050842285,312.4395446777344
4.220448017120361,196.2742462158203,9.634048461914062,303.3348083496094
3.636415958404541,195.96730041503906,8.735648155212402,294.90362548828125
5.27507209777832,201.800537109375,10.652416229248047,300.5179443359375
5.050655841827393,195.34124755859375,9.404128074645996,300.037109375
3.761023998260498,195.92396545410156,10.225855827331543,295.2214050292969
4.558752059936523,195.66114807128906,8.540608406066895,316.6636657714844
3.920192003250122,195.88278198242188,10.100319862365723,310.5824890136719
4.071296215057373,195.6233673095703,9.397567749023438,305.44415283203125
4.261824131011963,196.68199157714844,9.88268756866455,271.66796875
5.664576053619385,195.8871307373047,10.973407745361328,290.78778076171875
4.376287937164307,196.57644653320312,10.123583793640137,280.2289733886719
4.597343921661377,205.70970153808594,11.096159934997559,333.5650634765625
5.240287780761719,195.74269104003906,9.795807838439941,301.4783630371094
4.298975944519043,195.4044189453125,11.102848052978516,357.30328369140625
5.558656215667725,196.053955078125,9.716352462768555,300.9112243652344
3.6567039489746094,197.42649841308594,9.28115177154541,356.9007873535156
3.626431941986084,198.96397399902344,10.080703735351562,290.0491027832031
4.071616172790527,196.29139709472656,9.283231735229492,335.2824401855469
4.268608093261719,197.06617736816406,12.735615730285645,310.8756408691406
4.408991813659668,198.58937072753906,10.16096019744873,311.46954345703125
5.695583820343018,199.5262451171875,10.389344215393066,320.94244384765625
4.998591899871826,199.03085327148438,9.920255661010742,302.6175231933594
7.012063980102539,196.46389770507812,8.405280113220215,283.7405700683594
4.324128150939941,196.5153350830078,9.052607536315918,302.9109802246094
4.096384048461914,195.93161010742188,9.482720375061035,343.0055236816406
4.773983955383301,198.31692504882812,10.410847663879395,298.5979919433594
4.236959934234619,196.35133361816406,9.468735694885254,287.0454406738281
3.543168067932129,198.95465087890625,9.976991653442383,373.639404296875
3.846719980239868,198.87557983398438,10.592448234558105,279.5445251464844
3.868704080581665,200.1591339111328,9.301535606384277,287.7879333496094
4.173247814178467,200.92604064941406,11.024576187133789,286.1214294433594
4.490623950958252,198.2969970703125,11.08124828338623,327.2854919433594
5.038815975189209,196.55087280273438,11.313023567199707,362.32635498046875
5.691135883331299,198.8416290283203,11.074399948120117,314.085205078125
4.6030402183532715,198.78207397460938,12.152159690856934,293.9342041015625
4.499072074890137,195.88409423828125,10.108192443847656,301.8822326660156
3.914112091064453,195.27139282226562,10.701408386230469,272.11865234375
4.470848083496094,199.8280029296875,10.13270378112793,306.2952575683594
4.2205119132995605,208.19468688964844,9.50160026550293,300.18450927734375
4.007904052734375,208.89447021484375,9.860799789428711,333.4307556152344
4.538976192474365,201.55584716796875,12.335391998291016,354.6693115234375
5.105343818664551,198.7899169921875,12.203328132629395,295.127685546875
6.303679943084717,206.9245147705078,11.153311729431152,327.62152099609375
6.463583946228027,199.4237060546875,10.501888275146484,304.8699645996094
4.325215816497803,199.3203125,10.994784355163574,293.5773620605469
3.839776039123535,199.16700744628906,10.397439956665039,270.7936706542969
4.831007957458496,204.435546875,9.575743675231934,312.6546325683594
5.036575794219971,212.60418701171875,13.432160377502441,340.9945068359375
8.340864181518555,202.23753356933594,44.50019073486328,355.9578857421875
4.302112102508545,205.43338012695312,13.053855895996094,340.4464416503906
6.441023826599121,374.1065673828125,47.76201629638672,566.2457885742188
9.772704124450684,358.06439208984375,13.839872360229492,471.6214294433594
5.608191967010498,202.05133056640625,12.705632209777832,331.79132080078125
7.065919876098633,200.9523162841797,10.063551902770996,357.2713623046875
4.710559844970703,199.44691467285156,11.037535667419434,302.24688720703125
4.93449592590332,198.98643493652344,12.045696258544922,294.0496826171875
4.414015769958496,204.970947265625,19.547775268554688,281.2002868652344
5.009119987487793,206.010498046875,10.707200050354004,315.37554931640625
3.497472047805786,204.0629425048828,11.889504432678223,310.0334777832031
4.521215915679932,204.2918701171875,12.950847625732422,325.39251708984375
4.484032154083252,199.8795166015625,11.479392051696777,278.169921875
3.8927040100097656,199.38870239257812,20.033695220947266,518.9171752929688
4.096223831176758,198.1394805908203,20.349119186401367,296.85455322265625
4.711071968078613,198.65452575683594,19.7926082611084,308.9571228027344
4.4923200607299805,202.38067626953125,23.70377540588379,300.40167236328125
3.7853119373321533,199.99110412597656,21.128448486328125,281.86749267578125
4.046048164367676,198.46092224121094,10.571167945861816,316.79718017578125
3.9763519763946533,198.8074188232422,11.135711669921875,287.07904052734375
5.033760070800781,198.7574005126953,8.737792015075684,318.9264831542969
4.0575361251831055,196.8119659423828,9.37235164642334,262.6296691894531
4.175648212432861,198.2400665283203,9.872960090637207,256.9636535644531
4.593023777008057,196.72137451171875,9.547648429870605,323.33831787109375
4.456384181976318,197.3607635498047,10.156479835510254,325.5692443847656
4.3919358253479,196.74032592773438,10.96076774597168,287.3986511230469
3.88102388381958,199.0618896484375,11.306559562683105,262.3555908203125
3.5816640853881836,198.8269500732422,11.2739839553833,280.5207824707031
5.761312007904053,198.59295654296875,11.630847930908203,270.02838134765625
5.30998420715332,197.05162048339844,10.558112144470215,271.7396545410156
4.788383960723877,195.4202880859375,10.05724811553955,274.5902404785156
4.3178558349609375,197.3909454345703,10.78332805633545,321.210205078125
4.627935886383057,198.82662963867188,11.238016128540039,264.2443542480469
4.643392086029053,201.60928344726562,11.258015632629395,271.48046875
4.308159828186035,198.35267639160156,10.180224418640137,271.69140625
5.967423915863037,196.7085418701172,10.296928405761719,278.5093688964844
5.640480041503906,200.7998046875,9.596896171569824,290.92657470703125
3.9187839031219482,206.4563446044922,10.350560188293457,277.23211669921875
4.264832019805908,198.52752685546875,9.354207992553711,267.6308288574219
4.305088043212891,195.845703125,9.145312309265137,273.5863037109375
3.7301759719848633,198.69027709960938,10.149408340454102,317.7115173339844
5.821055889129639,198.21337890625,9.360511779785156,303.9619140625
4.501152038574219,197.01206970214844,9.553824424743652,254.0293426513672
4.490528106689453,207.23126220703125,9.775872230529785,286.4660949707031
4.5581440925598145,200.10096740722656,11.477248191833496,263.9155578613281
4.399680137634277,207.285400390625,18.02911949157715,272.70452880859375
3.863071918487549,198.0221405029297,24.044479370117188,305.2851257324219
5.459167957305908,200.15625,20.152063369750977,299.6181335449219
6.283135890960693,199.2686767578125,18.944032669067383,288.73248291015625
3.979871988296509,198.0655975341797,25.849824905395508,272.01922607421875
4.3405442237854,206.42579650878906,27.4703369140625,278.15533447265625
3.769536018371582,205.90985107421875,22.186656951904297,276.449951171875
3.3905599117279053,207.0998077392578,23.117504119873047,282.2727966308594
4.729887962341309,209.2078094482422,22.25279998779297,302.2009582519531
4.672351837158203,203.86642456054688,21.789535522460938,280.05084228515625
4.085696220397949,204.3829803466797,23.009536743164062,307.1098327636719
3.7459840774536133,200.1200714111328,20.329248428344727,308.13165283203125
5.877024173736572,212.7894744873047,21.320064544677734,278.5758972167969
5.353343963623047,201.747802734375,21.189023971557617,287.2841796875
5.196288108825684,210.97923278808594,20.11311912536621,277.9604797363281
3.9466240406036377,200.62661743164062,21.040639877319336,270.9761962890625
4.213568210601807,198.1658172607422,21.892255783081055,325.1865539550781
4.578239917755127,199.45904541015625,19.40403175354004,263.4808349609375
5.102399826049805,209.12646484375,22.174047470092773,292.5882263183594
4.196256160736084,199.44749450683594,24.44313621520996,274.4868469238281
6.442080020904541,198.77488708496094,19.97724723815918,266.4024353027344
4.310080051422119,199.78697204589844,21.811424255371094,276.38946533203125
3.645632028579712,207.321533203125,20.287935256958008,272.5886535644531
5.009344100952148,198.3469696044922,20.960735321044922,305.2735595703125
3.981920003890991,199.868896484375,19.46099281311035,264.490966796875
4.1560959815979,199.6829071044922,20.905759811401367,266.402587890625
4.402527809143066,199.3875274658203,21.09244728088379,264.95440673828125
4.189599990844727,198.6299591064453,24.64454460144043,309.8329772949219
5.069664001464844,199.19190979003906,20.80246353149414,267.0662536621094
6.723104000091553,197.97398376464844,20.36390495300293,264.7630615234375
4.601247787475586,202.21253967285156,18.101215362548828,267.232421875
3.908799886703491,200.11570739746094,21.237184524536133,265.9150085449219
3.974656105041504,200.97161865234375,19.730623245239258,270.85638427734375
4.2275519371032715,199.81961059570312,19.281503677368164,267.8022766113281
4.16483211517334,199.97193908691406,20.59881591796875,1202.5565185546875
6.267327785491943,214.23228454589844,21.234111785888672,335.1361389160156
4.369664192199707,200.60511779785156,19.132768630981445,266.9078674316406
3.6299519538879395,198.93101501464844,18.15398406982422,264.26715087890625
4.910592079162598,200.6531524658203,22.963167190551758,268.4905090332031
3.9821441173553467,209.98495483398438,19.377599716186523,274.0130615234375
3.916383981704712,199.90109252929688,19.946399688720703,265.5781555175781
4.242847919464111,200.74855041503906,19.318559646606445,265.85552978515625
3.947648048400879,201.31146240234375,20.504959106445312,272.2919616699219
4.062143802642822,198.90086364746094,23.099647521972656,311.80914306640625
4.044288158416748,198.96710205078125,27.944608688354492,326.5528564453125
4.64243221282959,198.73866271972656,25.751392364501953,286.9737548828125
3.976288080215454,198.68704223632812,25.20102310180664,270.25787353515625
3.9708800315856934,202.03036499023438,29.363008499145508,276.51739501953125
3.9491519927978516,206.64671325683594,28.32854461669922,282.25128173828125
3.8195199966430664,206.9568328857422,25.9935359954834,281.7890930175781
4.9683837890625,209.45068359375,24.249055862426758,303.6369934082031
4.925087928771973,200.125244140625,23.303104400634766,305.4163818359375
5.698080062866211,200.32943725585938,24.789440155029297,274.16986083984375
4.258048057556152,198.57997131347656,23.29520034790039,267.9173889160156
3.8334081172943115,198.52499389648438,23.119104385375977,268.91693115234375
4.176224231719971,201.0965118408203,25.216960906982422,271.6618347167969
3.9728000164031982,199.29446411132812,25.612863540649414,277.5649719238281
4.323616027832031,198.6313934326172,24.98627281188965,316.5155944824219
4.683807849884033,200.03260803222656,19.16223907470703,280.8955078125
7.979423999786377,198.83042907714844,22.51273536682129,270.4095458984375
4.0109758377075195,199.59336853027344,20.305055618286133,265.52069091796875
4.161632061004639,198.90567016601562,20.533632278442383,280.17767333984375
4.290719985961914,201.92691040039062,26.32441520690918,271.9905090332031
3.7737278938293457,209.85877990722656,22.890304565429688,308.0670166015625
4.46998405456543,202.8697967529297,29.59017562866211,295.8468017578125
4.746848106384277,198.54428100585938,29.723648071289062,345.7525634765625
3.9566080570220947,200.08111572265625,24.872671127319336,292.580078125
4.383903980255127,199.45928955078125,23.63088035583496,282.86236572265625
3.6574718952178955,199.79437255859375,23.099552154541016,266.8187255859375
4.541920185089111,212.721435546875,22.699840545654297,281.1435241699219
3.860991954803467,198.5502471923828,25.43414306640625,267.8049621582031
4.690400123596191,198.8224334716797,22.741727828979492,291.2356872558594
4.668191909790039,210.91465759277344,25.942432403564453,350.59954833984375
4.08406400680542,209.70799255371094,25.795808792114258,282.7221984863281
4.468992233276367,210.3863983154297,26.288511276245117,297.6368408203125
5.133632183074951,201.24082946777344,20.103776931762695,269.3877868652344
4.7975358963012695,212.13967895507812,23.055679321289062,306.7969970703125
3.908479928970337,199.77967834472656,27.277631759643555,271.42596435546875
4.371583938598633,198.11692810058594,21.02118492126465,272.903076171875
4.002336025238037,212.52645874023438,24.151391983032227,288.45404052734375
3.9933440685272217,208.025146484375,26.67411231994629,293.7203063964844
5.157855987548828,199.08694458007812,24.11510467529297,267.4031066894531
4.7288641929626465,199.03733825683594,23.93132781982422,268.8821716308594
4.126880168914795,199.58985900878906,28.12451171875,271.991455078125
4.713759899139404,198.8137969970703,25.177152633666992,290.690673828125
4.038784027099609,198.15756225585938,23.983776092529297,298.9848327636719
6.943808078765869,198.87750244140625,21.539840698242188,266.1068115234375
7.12716817855835,207.9080352783203,21.101823806762695,290.9613952636719
4.452640056610107,198.97027587890625,23.321792602539062,302.449462890625
3.7093119621276855,203.6246795654297,26.097759246826172,272.04693603515625
4.2072319984436035,210.35813903808594,27.48054313659668,284.5225524902344
4.899712085723877,205.21286010742188,29.627775192260742,287.915283203125
6.240255832672119,206.82879638671875,27.148895263671875,281.441650390625
4.24070405960083,198.24656677246094,20.304927825927734,288.7336120605469
4.139167785644531,199.6597442626953,23.970752716064453,280.60491943359375
4.510079860687256,199.37026977539062,22.319135665893555,354.831787109375
3.6789441108703613,199.61558532714844,22.109695434570312,283.836669921875
3.9856319427490234,199.5133819580078,21.601823806762695,271.1005859375
4.026591777801514,197.9698486328125,19.187776565551758,286.3153381347656
3.987391948699951,198.96678161621094,19.21993637084961,266.8570556640625
3.6751039028167725,199.60018920898438,22.583263397216797,288.87139892578125
5.175168037414551,198.3488311767578,20.70751953125,293.594482421875
5.09446382522583,200.82083129882812,23.25142478942871,277.0273742675781
3.8435840606689453,200.51763916015625,21.37295913696289,271.3479309082031
4.305408000946045,198.6156463623047,19.61510467529297,272.3011169433594
4.5873918533325195,199.01309204101562,18.265663146972656,263.2499084472656
4.129216194152832,198.7078094482422,21.224063873291016,265.9643859863281
3.7082560062408447,199.54505920410156,20.275999069213867,273.8939514160156
4.323775768280029,202.20162963867188,18.82521629333496,600.3657836914062
5.782559871673584,199.20191955566406,19.48080062866211,270.04522705078125
3.679903984069824,199.28807067871094,21.312288284301758,274.3107604980469
4.196959972381592,211.71817016601562,25.474079132080078,301.42401123046875
4.46560001373291,206.3376007080078,22.92742347717285,281.0863952636719
4.655807971954346,198.71749877929688,21.388351440429688,311.0700988769531
5.108672142028809,198.33673095703125,22.745088577270508,272.3924255371094
3.398911952972412,199.52639770507812,22.13689613342285,288.1125183105469
4.231904029846191,199.8321533203125,25.794464111328125,397.6763916015625
5.094175815582275,208.4712371826172,24.751039505004883,415.3341369628906
6.526976108551025,206.6868438720703,28.2607364654541,285.34637451171875
3.8713600635528564,198.67727661132812,26.10291290283203,327.4256896972656
3.4608960151672363,205.25967407226562,19.264511108398438,322.8744201660156
4.071487903594971,199.9780731201172,25.198720932006836,318.9127502441406
4.510176181793213,198.5239715576172,22.777503967285156,269.2319641113281
4.059584140777588,198.86898803710938,26.613983154296875,347.7347717285156
4.055520057678223,198.4634246826172,24.800384521484375,278.75982666015625
4.624703884124756,207.78707885742188,26.49273681640625,293.06646728515625
3.9958078861236572,199.4923553466797,21.530527114868164,274.29949951171875
5.876160144805908,198.60928344726562,29.49247932434082,395.78912353515625
4.270112037658691,199.56573486328125,22.087360382080078,285.7619934082031
7.326432228088379,198.59011840820312,30.14143943786621,276.9132995605469
4.15667200088501,199.9707489013672,21.818815231323242,302.8414306640625
5.353824138641357,209.9977264404297,23.55958366394043,289.84014892578125
4.041247844696045,208.8002166748047,23.626432418823242,333.92144775390625
5.326911926269531,207.4233856201172,20.24928092956543,286.408935546875
4.055840015411377,199.0879364013672,22.9849910736084,283.8085021972656
3.367680072784424,199.80166625976562,29.115039825439453,270.7556457519531
3.8870720863342285,198.72274780273438,26.03398323059082,319.2441711425781
3.4872639179229736,198.89599609375,21.498079299926758,289.78387451171875
4.122943878173828,198.7298583984375,24.01955223083496,314.1009216308594
3.8889920711517334,209.2096710205078,26.585983276367188,313.9907531738281
4.071008205413818,208.91311645507812,24.471519470214844,338.406494140625
4.4799041748046875,207.67491149902344,21.005151748657227,373.0937805175781
4.458208084106445,207.7756805419922,21.80975914001465,307.02960205078125
4.018335819244385,202.14122009277344,19.84329605102539,265.7327575683594
4.119840145111084,199.37762451171875,22.353599548339844,264.4609680175781
4.220287799835205,197.99685668945312,24.87785530090332,286.9790344238281
3.849247932434082,197.9683837890625,23.538175582885742,262.2246398925781
3.609312057495117,197.9698944091797,20.454687118530273,264.3660583496094
3.7352960109710693,199.646240234375,19.691423416137695,271.6162109375
4.580607891082764,199.565185546875,23.450847625732422,288.5533142089844
5.026432037353516,200.08396911621094,23.017183303833008,282.005126953125
4.236800193786621,198.1354522705078,25.894752502441406,304.51373291015625
4.606719970703125,199.17010498046875,20.060895919799805,313.783447265625
4.969183921813965,208.8059539794922,20.56012725830078,275.81280517578125
4.758848190307617,198.2936248779297,22.350208282470703,305.1308898925781
4.423327922821045,199.55699157714844,17.533344268798828,261.595458984375
4.611519813537598,207.57337951660156,19.519807815551758,273.4888000488281
3.5630719661712646,198.97042846679688,18.4849910736084,254.71951293945312
4.09171199798584,198.2093048095703,20.63692855834961,288.5171813964844
3.480639934539795,198.75018310546875,24.40108871459961,297.792724609375
3.972032070159912,198.70579528808594,17.798080444335938,296.3470458984375
3.8795840740203857,198.59164428710938,18.432863235473633,360.01202392578125
3.9961600303649902,198.8501434326172,18.484224319458008,327.4665222167969
4.009247779846191,198.2202911376953,24.19705581665039,261.572998046875
3.5981760025024414,197.98617553710938,21.235200881958008,309.6163024902344
3.5395519733428955,197.6879425048828,20.64112091064453,287.7267761230469
4.418496131896973,199.37680053710938,19.31964874267578,258.6402282714844
4.431424140930176,197.90684509277344,22.36409568786621,288.1822509765625
3.5723841190338135,198.0872344970703,21.198047637939453,337.07659912109375
3.780895948410034,197.90985107421875,18.14579200744629,259.53662109375
3.890687942504883,207.86317443847656,19.018783569335938,273.69921875
3.605855941772461,206.81910705566406,21.873632431030273,271.8905029296875
3.7797439098358154,204.85519409179688,22.64246368408203,272.1806335449219
3.4061439037323,198.1993865966797,23.690399169921875,268.7313232421875
4.181312084197998,197.8739471435547,21.491071701049805,261.9755859375
4.754015922546387,206.4108428955078,20.698848724365234,278.02032470703125
3.723583936691284,198.52259826660156,18.364639282226562,277.8340759277344
4.306623935699463,197.8212127685547,22.708160400390625,259.8262023925781
3.8286399841308594,201.49935913085938,23.370847702026367,270.3338317871094
3.662208080291748,199.3930206298828,25.420255661010742,309.64739990234375
